1.4142135623730951
1.4142135623730951
2.0

2.0
1.4142135623730951

1.4142135623730951


All stations are reachable.
1.0
2.0
1.0
2.23606797749979
2.0
2.23606797749979
2.8284271247461903

1.0
1.4142135623730951
1.4142135623730951
2.23606797749979
2.0
2.23606797749979

2.23606797749979
1.0
2.8284271247461903
2.23606797749979
2.0

2.0
1.0
1.4142135623730951
2.23606797749979

2.23606797749979
1.4142135623730951
1.0

1.0
2.0

1.0


All stations are reachable.
1.4142135623730951
8.06225774829855
8.246211251235321
9.219544457292887
8.54400374531753

7.0
7.0710678118654755
8.06225774829855
7.280109889280518

1.0
1.4142135623730951
2.0

1.0
1.0

1.4142135623730951


There are stations that are unreachable.
