 1   2   3   4   5   6   7   8   9  10  11  12  13  14  15  16  17  18
19  20  21  22  23  24  25  26  27  28  29  30  31  32  33  34  35  36
37  38  39  40  41  42  43  44  28  45  46  47  48  49  50  51  52  53
54  55  56  57  58  59  60  61  62  28  63  64  65  50  66  52  67  68
69  70  71  72  73  74  75  76  77  78  79  80  81  82  83  84  67  85
86  87  88  89  89  90  91  92  93  94  94  95  80  96  97  98  99 100
101 102 103 104 105 106  91 107 108 109 110 111  80 112 113 114 115 116
117 118 102 119 120 121 122 123 124 125 111 126 127 128 129 130 131 132
133 134 135 136 137 138 138 139 140 125 141 142 143 144 145 146 147 148
149 150 150 151 152 153 139 154 154 155 156 157 158 159 160 161 162 163
164 165 165 166 167 168 169 170 155 171 172 173 174 175 176 177 178 179
180 181 182 183 184 185 186 187 188 189 190 191 192 193 194 195 196 197
198 182 199 200 201 202 203 204 205 206 207 208 209 210 211 212 197 213
214 215 216 217 218 219 220 221 222 223 224 207 225 226 227 228 228 229
230 231 232 233 234 235 235 221 236 237 238 239 240 241 242 227 243 244
245 230 246 247 248 249 250 251 252 253 254 255 256 257 258 259 260 261
262 263 264 247 265 266 267 268 269 270 271 272 273 274 275 276 259 277
%
 1   2   3   4   5   6   7   8   8   9  10  11
12  13   4   4  14  14   8  15  16  17  17  18
19  20  21  22  23  24  25  16  26  27  28  29
30  31  32  23  33  34  35  36  37  38  39  40
41  42  43  33  44  45  46  47  48  49  50  51
%
 1   2   3   4   5   6   7   8   9  10  11
12  13  14  15  16  17  18  19  20  21  22
23  24  15  25  26  27  28  19  29  30  31
32  33  33  34  35  36  37  38  39  40  41
42  43  44  45  46  47  48  49  50  51  52
53  54  55  55  56  57  58  59  60  61  62
63  64  65  55  66  67  68  69  70  71  72
73  65  74  75  76  77  78  79  80  81  82
83  65  84  85  86  77  87  79  88  89  90
91  92  93  94  95  96  97  98  99 100 101
102 103 104 105 106 107  98 108  99 109 110
111 112 113 114 114 115 116 117 118 119 120
121 122 112 114 123 124 125 126 127 128 129
130 131 132 133 123 134 135 136 137 138 139
140 141 142 143 144 145 146 147 148 149 150
151 152 153 154 155 156 157 158 159 160 161
162 163 164 165 166 167 168 169 170 171 172
173 174 175 176 177 178 168 179 180 181 182
%
 1   2   3   4   5   6   7
 8   9  10  11  12  13  14
15  16  17  18  19  20  21
22  23  24  25  26  27  28
29  30  31  32  33  34  35
36  37  38  39  40  41  42
43  44  45  46  41  47  48
49  50  51  52  53  54  55
49  50  56  57  58  59  60
61  62  56  63  64  65  66
62  62  67  68  69  70  71
72  73  74  75  76  77  78
79  80  81  82  83  84  85
86  87  88  89  84  90  91
92  93  94  95  96  97  98
99 100 101 102 103 104  98
105 106 107 108 103 109 110
%
 1   2   3   4   5   6   7   8   9  10  11  10  12
 2   1  13  14   6  15  16  17  18  19  10  20  21
22  23   1  24  25  15  26  27  28  29  30  31  21
32  33  34  35  36  37  27  38  39  40  41  42  43
33  44  45  46  47  48  49  50  51  39  52  42  53
54  55  56  46  48  48  57  58  59  60  61  62  53
63  64  65  66  67  68  69  70  71  72  73  73  73
74  75  66  76  68  77  70  78  79  73  80  81  82
74  75  83  84  85  86  87  88  89  81  81  81  90
%
 1   1   2   3   4   5   6
 7   8   9  10  11  12  13
 8  14  15  16  17  11  18
19  20  21  22  23  24  25
26  27  28  29  30  31  32
33  34  35  36  37  38  39
%
 1   2   3   4   5   6   7   8   9  10  11  12  13  14  15  16  17  18  19  20
21  22   4  23   4  24  25  26  27  28  29  30  12  31  32  33  34  35  18  36
37  38  39  40  41   4  42  43  44  44  45  46  47  48  49  50  51  52  53  54
55  55  56  57  58  59  60  61  62  63  64  65  66  49  67  68  69  70  71  72
73  74  75  75  76  77  78  79  63  80  81  82  83  84  85  86  87  88  89  90
91  92  93  94  95  79  79  96  97  98  99 100 101 102 103  86 104 105 106 107
108 109 110 111 112 113 113  97  98 114 114 115 116 117 118 119 120 121 122 107
123 124 125 126 127 127 128  97 129 130 131 132 133 118 134 135 136 137 138 122
139 140 141 142 126 143 144 145 146 131 132 147 148 148 149 150 151 151 152 153
154 155 155 141 156 157 158 159 160 161 132 132 162 163 164 151 165 166 167 168
%
 1   2   3   4   4   5   6   7   8   9  10
 1  11  12  13  14   4   5  15  16  17  18
19   1  20  12  14   4  21  22  23  17  24
19  25  20  20  26  27  27  28  24  24  17
29  19  30  30  27  31  32  33  34  35  36
37  38  19  31  31  39  40  41  41  36  36
42  43  44  45  46  47  39  48  36  49  49
50  42  44  42  51  46  52  53  54  55  56
57  58  42  42  59  60  60  61  61  62  55
58  58  63  42  60  59  64  65  61  66  67
58  68  63  60  69  60  70  71  72  73  74
75  63  63  76  60  60  77  78  79  80  80
81  75  76  82  60  83  83  84  79  85  86
87  88  76  89  60  90  84  91  92  93  93
87  94  76  60  95  96  97  98  98  99 100
87  87 101  76  96 102  98 103  98 104 104
%
 1   2   3   4   5   6   7   8   9  10  11  12  13  14  15  16  17
18  19  20  21  22  23  24  25  26  27  28  29  30  14  31  32  33
34  35  36  37  38  39  40  41  42  43  44  45  46  47  48  49  50
51  52  53  54  38  55  56  57  58  59  60  61  62  63  64  65  66
67  68  69  70  71  72  73  74  75  76  77  78  79  80  81  82  82
83  84  85  86  87  88  89  90  91  92  93  94  79  95  96  97  98
99 100 101  86 102 103 104 105 106 107 108 109 110 111 112 113 114
115 116 117 118 119 120 121 122 123 124 125 126 126 127 128 129 130
131 132 118 133 134 135 136 137 137 138 139 140 141 142 143 144 145
146 147 148 149 135 150 151 152 153 154 155 156 157 158 159 160 161
146 162 163 164 165 166 167 168 169 170 155 171 172 173 174 175 176
177 178 179 180 181 182 183 184 185 186 187 188 189 190 191 192 193
194 178 195 196 197 198 199 200 201 202 203 204 205 206 207 208 209
210 194 211 197 212 213 214 215 216 216 217 218 204 219 220 221 222
223 224 225 226 227 228 229 230 231 232 216 233 234 235 236 237 237
238 239 240 241 242 243 244 245 246 247 248 249 250 250 251 252 253
254 255 256 257 258 259 260 261 262 263 264 265 266 267 252 268 269
270 271 272 273 274 275 276 277 278 279 280 281 282 283 284 285 269
%
 1   2
 1   3
 3   4
 3   3
 5   6
 5   7
 8   5
 9   9
10  10
11  11
12  11
13  11
13  14
15  15
16  17
16  18
19  19
19  19
%
1  2  2  3  4  5  6  7  8  9  10
%
1   2
3   4
5   5
6   7
8   8
9  10
%
 1   2   3   2   4   5   6   7   8   9  10  11  12  13  14  15
16  17   2  18  19  20  21   6   8  22  23  11  24  25  15  26
27  17  28  29  30  31  32  33  22  34  35  36  37  38  39  40
27  41  28  28  42  42  32  43  22  44  45  36  38  46  46  47
48  28  49  50  51  52  53  54  55  22  44  38  46  56  47  57
58  28  59  60  61  62  63  64  64  44  65  38  46  66  67  47
68  69  28  70  70  70  71  63  72  72  73  74  75  76  77  78
%
 1   2   3   4   5   6   7   8
 9  10  11  12   5  13   7   8
14  15  16  17  18  19  20  21
22  23  24  16  25  26  27  28
29  30  31  32  33  34  35  36
%
 1   2   3   4   5   6   7   8   9  10  11  12
 1  13   4  14  15  15  16  17  10  18  19  20
21  13  22  23  24  25  26  27  28  29  30  31
32  33  34  35  36  37  38  39  39  40  41  42
43  44  45  46  47  48  49  50  39  51  52  53
54  55  56  57  58  59  60  61  62  51  63  64
65  66  56  67  68  69  69  70  71  72  72  73
%
 1   2   3   4   5   6   7   8   9
10  11  12  13  14  15  16  17  18
19  20  21  22  23  24  25  26  27
28  29  30  31  32  23  24  33  34
35  36  37  38  39  40  41  42  42
36  43  44  45  46  47  48  49  50
51  52  53  53  54  55  56  57  58
59  60  61  62  63  56  64  65  66
67  68  69  70  71  64  72  73  74
75  76  77  78  79  80  81  82  83
84  85  86  87  88  89  90  91  92
93  94  95  95  88  96  90  97  98
99 100 101 102 103  97  97 104 105
106 107 107 108 109 110 111 111 112
107 113 114 115 116 116 117 118 119
%
 1   2   3   4   5   6
 7   2   8   9  10  10
 2  11  12   8  13  14
 2  15  16  17   8  18
19  20  21  22  22  23
24  25  26  27  28  28
29  30  28  28  31  32
33  28  34  28  31  31
35  28  36  37  37  38
28  39  40  36  41  42
43  28  44  41  44  45
46  47  48  44  49  50
%
 1   2   2   3   4   5   6   7   8   9
10  10   2  11   3  12  13  14  15  16
17   2  18  19  11  20  21  16  16  22
23  18  24  25  19  26  20  21  21  16
27  24  28  29  19  30  20  31  32  33
34  27  35  19  36  37  38  39  31  40
41  27  19  42  43  43  44  45  45  40
%
 1   2   2   3   4
 5   6   7   8   9
10  11  12  13  14
15  16  16  17  18
19  16  20  21  22
23  24  25  26  27
28  29  30  31  32
33  29  34  32  35
%
 1   2   3   4   5   6   7   8   9  10  11  12  13  14  15  16  17  18
 1  19  20  21  22  23   6  24  25  26  27  28  29  30  31  32  33  34
35  36  37  20  38  23   6  39  40  41  28  29  28  42  43  44  45  46
47  48  20  49  20  50  51  52  39  53  54  55  28  56  44  57  58  59
60  61  62  63  64  65  66  67  68  69  70  71  72  73  74  75  76  77
78  79  61  80  64  64  81  67  69  82  83  84  71  85  86  76  87  88
89  90  79  91  92  92  93  94  95  82  96  97  98  99 100 101 102 103
104 105  90  90 106 107 108 109 110 111 112 113 114 115 116 117 118 119
120 121 122 123 124 125 126 127 128 129 130 131 113 132 133 116 134 135
136 137 138 139 140 141 142 143 128 144 129 145 146 147 116 116 135 148
149 137 137 150 140 142 151 152 153 154 155 154 154 156 157 158 159 160
161 162 163 164 165 166 167 168 168 169 154 155 154 156 170 171 172 173
174 175 176 177 178 167 168 179 180 181 182 182 155 183 170 184 185 185
%
 1   2   3   4   5   6   7   8   9  10  11  12  13  14
15  16  17  18  19  20  21  22  23  24  25  26  27  28
29  30  31  32  33  34  35  36  37  25  25  38  39  40
41  42  43  44  45  46  47  48  49  50  51  52  53  54
55  56  57  58  59  60  61  62  63  64  65  66  67  68
69  70  71  72  73  74  75  76  77  78  79  80  81  82
83  84  85  86  87  88  89  90  91  92  93  94  95  96
97  98  99 100 101 102 103  90 104 105 106 107 108 109
110 111 112 113 114 115 116 117 118 119 120 121 108 122
123 111 124 125 126 127 128 128 129 130 131 132 133 134
135 136 137 138 139 139 140 141 142 143 144 145 146 147
148 149 150 151 151 139 152 153 154 155 156 157 158 159
160 161 149 162 163 164 165 166 167 168 158 158 169 170
171 172 173 174 175 176 177 178 179 180 181 182 183 184
185 186 187 188 189 190 191 192 193 194 195 196 197 198
199 200 201 202 203 204 205 206 207 208 209 210 211 212
213 214 215 216 217 218 219 220 221 222 223 224 211 225
226 227 228 215 229 218 230 231 232 233 222 234 235 236
237 238 239 240 241 242 243 244 245 246 247 248 249 236
%
 1   2   3   4   5   5   6   7   8   9  10  11  12
13  14  15   5  16  17   6  18  19  20  21  22  23
24  13  25  26  27  28  29  30  31  32  33  34  35
36  37  13  38  39  40  41  42  43  33  44  45  46
47  13  48  49  50  51  52  53  54  55  56  57  58
59  47  60  61  62  63  64  65  66  67  68  69  70
71  72  73  74  62  75  76  77  78  79  80  81  82
83  84  85  86  87  88  89  90  77  91  92  93  94
95  96  96  97  98  99 100 101 102 103 104 104 105
106 107 108 109 110 111 112 113 114 115 116 117 118
119 120 121 122 123 124 125 126 114 127 116 128 129
%
1  2  3
%
 1   2   3   4   5   5   5   6   6   7   8   9  10  10  11  12  13  14  14  15
16  17  18  19  20   5   6   5   7  21  21  10  22  23  23  12  24  14  25  26
27  17  28  29  19  30  31  21  21   7  32  21  23  23  33  33  34  34  35  26
27  27  36  37  38  38  39  40  40  41  42  43  43  44  44  45  46  34  47  34
48  48  49  36  50  51  52  51  40  53  41  41  43  54  55  45  56  34  34  57
58  59  36  36  60  52  51  61  61  40  41  62  63  43  64  64  65  66  67  57
58  68  36  69  70  71  72  72  73  40  74  62  75  75  76  76  77  67  78  79
80  36  81  82  82  83  71  84  85  86  87  75  88  89  90  91  67  92  93  94
95  82  82  81  96  71  83  97  84  86  87  98  75  99 100 101 101  93 101 101
102 102 103 104 105 106 107  84 108 109  87 110 111 112  99 100 100 101 101 113
114 115 104 116 117 118 119  87 120  87 121 122 123 111 112 124 125 125 113 101
126 114 127 104 128 129  87 119  87 130 122 131 132 133 134 125 135 136 137 138
%
 1   2  3   4  5  6   7   8   9  10  11  12  13  14  15  15  16  17
18  19  2  20  5  6  21  22  23  24  25  12  14  14  26  15  27  27
%
 1   2   3   4   5   6   7   8   9  10  11
12  13  14  15  16  17  18  19  20  21  22
23  24  25  26  27  28  29  30  31  32  33
34  35  36  37  38  39  40  41  42  43  44
45  46  47  48  38  49  50  51  52  53  54
55  56  57  58  59  60  61  62  63  64  65
%
 1   2   3   4   5   6
 2   3   7   7   4   6
 2   7   8   9  10  11
12   2  13  14  15  16
17  18   2  19  14  20
21  22  23  24  25  26
21  27  28  25  29  30
%
 1   2   3   4
 5   6   7   4
 8   9  10  11
12  13  14  15
13  16  13  17
18  19  20  21
22  23  24  25
26  27  28  29
30  31  32  33
34  35  36  37
38  39  40  41
%
 1   2   3   4   4   5   6
 7   8   9  10  11  12  13
14  15  16  17  12  18  19
20  21  22  23  24  25  26
27  28  29  30  31  32  33
%
 1   2   3   4
 5   6   7   8
 9  10  11  12
13  14  15  16
13  17  18  16
19  20  21  22
23  24  25  26
27  28  24  29
30  31  32  33
34  35  36  37
38  39  40  41
42  43  44  45
46  47  48  49
50  51  52  53
54  55  56  57
58  59  60  61
62  63  64  65
66  67  68  69
70  71  72  73
%
 1   2   3
 4   5   6
 7   8   9
10  11   8
12  13  14
12  15  14
16  17  18
19  17  20
21  22  23
24  23  25
26  27  28
29  26  30
%
 1   2   3   4   5   6   7   8   9  10  11  12  13  14
15  16  17  18  19  20  21  22  23  24  25  26  27  13
%
1  2  3  4  5  6  7  8  8  9  10  11  12  13  14  15  15  16  17
%
 1   2   3   4   5   6
 7   8   9  10  11  12
13  14  15  16  17  18
19  20  15  15  21  22
23  24  25  26  15  27
28  29  30  31  32  33
34  35  31  36  37  38
%
 1   1   2   3   4   5   6   7   8   9  10  11  12  13  14
15  16  17  18  19  20  21  22  23  24  25  26  27  28  29
30  31  32  33  34  35  36  37  38  39  40  41  42  43  44
30  45  46  47  48  49  50  51  52  53  39  54  55  56  56
57  58  59  60  61  62  63  64  65  52  66  67  68  69  70
58  71  72  73  61  74  75  76  77  78  79  80  81  82  83
84  85  86  87  88  89  90  91  92  93  80  94  95  95  96
97  98  99 100 101 102 103 104 105 106 107 108 109 110 111
112 113 114 115 116 117 118 119 120 107 121 122 123 123 124
125 126 127 128 129 130 131 132 133 134 134 135 136 137 138
139 140 141 142 143 144 145 146 147 148 149 135 150 151 152
%
 1   2   3   4   5   6   7   8   9  10  11
12  13  14  15  16  17  18  19  20  21  22
23  24  25  26  27  28  18  29  30  31  32
%
 1   2   3   4   5   6   7   8   9
10  11  12  13  14  15  16  17  18
19  20  21  22  23  24  25  16  26
27  28  29  30  31  25  32  33  34
%
 1   2   2   3   4   5   6   6   7   8   9  10  11  11  12  12  13  12  14  15
 1  16   2   2   4   6   6   6  17  17  18  19  20  12  11  21  21  12  22  22
 1   1  23  23  24   6  25  26  27  27  17  12  12  11  12  12  12  28  29  30
31   1  32  33  34   6   6  35  36  36  12  37  11  38  39  12  40  12  12  41
42  32  32  43   6  44  44  35  12  12  45  37  11  46  12  47  12  48  49  41
32  50  43  51  52   6  44  53  54  45  12  55  55  11  56  47  57  48  49  58
59  60  61  62   6  63  44  54  64  12  12  65  55  66  56  67  57  49  68  68
59  59  69   6  70  71  72  71  12  64  73  12  12  74  56  67  49  75  49  68
76  69   6  70  70  77  71  71  12  12  73  12  78  74  56  79  80  81  82  83
76   6  70  84  84  77  12  85  12  86  87  73  73  74  74  74  88  81  81  89
90  90  70  91  91  77  92  12  93  93  94  73  95  96  97  98  99  81 100 101
102 103  70  70 104 105  77 106 106 106  93  93 107 108 109  99 110 111 101 112
113 102 114  70 115 105 116 117 118 119 119 120 121 109 109 110 122 122 111 123
113 124 102 125 126 126 127 118 119 128 129 130 131 131 132 133 134 111 135 136
102 102 137 125 138 139 126 140 118 141 142 130 131 143 144 134 111 134 136 145
146 102 102 137 147 148 149 126 140 142 150 130 143 151 111 144 111 152 136 136
153 154 155 156 157 158 159 160 160 140 161 143 143 111 162 111 111 163 152 164
165 154 166 167 168 168 159 161 161 161 143 161 143 162 169 170 171 172 173 152
%
 1   2
 3   3
 4   5
 6   7
 8   9
10  11
11  12
13  14
15  16
17  18
19  20
21  22
23  24
25  26
27  28
29  30
31  29
%
 1   2   3   4   5   5   6   6   6   7   7   8   9  10  11  12  12
13  13  13  14  15  16  16  17  18   6   7  19  19  10  20  21  21
22  13  13  13  13  16  16   6   6  18  18  19  23  19  24  21  25
13  22  22  22  16   6  26   6   6  18  18  27  27  24  24  28  29
22  30  22  22   6  26   6  26  27  27  18  31  27  27  24  32  32
33  34  33  35  35   6  36  26  26  37  27  27  31  37  24  32  38
33  33  33  33  35  26  26  26  26  37  37  27  37  37  24  24  32
39  39  33  33  40  35  41  42  43  43  37  37  44  45  46  47  47
%
 1   2   3   4   5   6   7   8   9  10  11  12  13  14  15  16  17  18  19  20
21  22  23  24  25  26  27  28  29  30  31  12  32  33  34  35  36  37  38  39
40  41  42  43  44  26  45  46  28  47  48  49  50  51  52  53  54  55  56  57
58  59  60  61  44  62  63  63  64  65  66  67  68  52  69  70  70  71  72  73
74  75  61  76  77  78  79  80  81  82  83  84  85  86  87  88  89  90  73  91
92  93  94  95  96  97  98  79  99  81 100  83 101 102 103 104 105 106 107 108
109 110 110 111 112 113 113 114 115 116 117 118 119 120 121 122 123 124 125 126
127 128 129 130 131 132 133 134 135 136 137 138 139 140 141 142 124 143 144 145
146 147 148 149 150 151 152 153 154 155 156 157 158 159 160 161 162 163 164 165
166 167 168 169 170 171 172 173 174 175 176 177 178 179 180 181 182 183 184 185
186 187 188 189 190 191 192 193 194 195 196 197 198 199 200 201 202 203 204 205
206 207 208 209 210 191 211 211 212 213 214 215 216 217 218 219 202 220 221 222
223 224 225 226 227 228 229 230 231 232 233 234 235 236 218 237 238 239 240 241
242 243 244 245 246 247 248 229 249 250 250 251 252 253 254 255 256 257 258 259
260 261 262 263 264 265 266 267 268 269 270 271 272 273 274 275 276 277 278 279
%
 1   2   3   4   5   6   7   8   9  10  11  12
13  14  15  16  17  18  19  20  21  22  23  23
24  25  26  27  17  28  29  30  31  32  33  34
24  35  36  37  38  28  39  40  41  42  43  33
35  44  45  46  47  48  49  50  51  52  53  54
55  56  57  58  59  60  61  62  63  64  65  66
67  68  56  69  70  71  72  73  74  75  65  76
77  78  79  80  81  82  83  84  85  86  87  88
89  90  91  92  93  94  95  96  96  97  98  99
100 101 102 103  94 104 105 106  97 107  98 108
109 110 111 112 113 114 104  97  97 115 116 117
118 119 120 121 122 104 123  97 124 125 116 126
%
 1   2   3   4   5   6   7   8
 9  10  11  12  13  14   6  15
16  17  18  19  18  20  21  22
23  24  25  18  26  26  27  28
29  30  31  32  33  34  35  36
37  38  39  40  40  33  35  41
38  42  43  44  45  46  47  47
48  49  50  51  52  53  54  55
56  57  58  59  60  61  62  63
64  65  65  66  67  68  69  70
65  71  72  73  74  75  76  77
78  79  80  81  82  83  84  85
86  87  88  89  89  90  91  92
93  87  88  94  95  96  97  98
99 100 101 102 103 104 105 106
107 108 109 110 111 112 113 114
108 115 116 117 111 118 119 120
121 122 123 124 125 126 127 128
129 130 131 131 131 132 133 134
135 136 137 138 139 140 141 142
%
 1   2   3   3   4   4   5   6   7   8   9  10  11
 2   2  12  12  13  13   5   7  14   8  10  11  15
 2  12  16  16  17   5  13   7  14   8  18  10  15
 2  19  12  17  16  17  20  14   8   8  18  18  10
21  12  12  22  23  17  14  14  24  25  24  26  10
27  21  22  28  28  29  17  14  30  24  26  26  26
21  21  31  31  32  33  34  35  24  36  24  37  38
39  40  31  41  42  32  35  35  36  43  36  37  44
39  45  31  41  32  46  35  35  43  47  47  48  48
39  49  45  31  50  50  45  51  35  47  35  52  48
45  39  49  45  45  45  51  35  53  35  52  48  52
39  45  49  49  45  45  51  35  35  52  35  48  48
39  45  49  54  55  45  35  56  52  57  52  48  58
49  49  45  49  45  59  59  59  60  61  61  61  48
62  49  49  45  49  45  49  63  63  61  64  61  65
62  62  66  45  67  49  68  63  63  61  65  65  61
%
 1   2   2   3   4   5   6   7   8   9  10  11   9
 2  12  12   3   4   5  13  14   7   8   9  10   9
 2   2  12   4  12   5   5  14  15   7   7   9   9
16   2  17  12  15  15  15  15  18  15  19   9   9
 2  17   2  12   2   2   2  20  21  19  22   9  23
17  24   2   2  25  25   2  20  26  19   9  23  27
17  28   2   2  20   2  29  20  26   9  30  30  27
28  31  28  20  32  20  29  29  20  20  30  33  33
34  35  28  20  20  20  36  20  20  30  30  37  38
34  39  40  40  40  36  20  36  30  41  30  42  38
39  43  40  44  40  36  36  36  30  30  30  45  38
39  46  40  40  44  40  47  48  30  49  49  49  38
39  50  40  50  44  47  48  48  48  49  49  49  38
51  39  50  50  47  52  47  47  53  53  49  38  49
39  51  54  47  52  53  52  53  55  55  38  56  56
57  51  51  58  52  52  53  53  55  38  55  56  59
60  60  60  60  61  62  62  53  55  38  55  55  56
63  63  63  61  61  64  55  55  53  55  65  55  66
%
 1   2   3   4   5   6   7   8   9  10  11  12  13  14  15  16  17  18  19  20
21  22  23  24  25  26  27  28  29  30  31  32  33  34  34  35  36  37  38  38
%
1
%
 1   2   3   4   5   6   7   8   9  10  10  11  12  13  14  15  16  17  18  19
20  21  22  23  24  25  26  27  28  29  30  31  32  33  34  34  35  36  37  18
38  39  40  41  42  43  44  45  46  47  48  49  50  51  52  53  34  54  55  56
57  40  58  59  60  61  62  63  64  65  66  67  67  68  69  70  71  72  73  74
40  75  76  77  78  79  80  81  82  83  84  85  86  87  88  89  90  91  92  93
94  95  96  97  98  99 100 101 102 103 104  86 105  87 106 107 108 109 110 111
112 113 114 115 116  98 117 118 119 120 121 122 123 124 125 126 127 128 129 130
131 132 133 134 135 136 137 138 119 120 139 140 141 142 143 144 145 146 130 147
132 148 149 150 151 152 153 154 155 156 157 141 158 141 159 160 161 162 163 164
165 166 150 167 168 169 170 171 172 173 174 175 176 177 178 179 180 181 182 183
184 185 186 187 169 188 189 190 191 192 193 194 195 196 197 198 199 200 201 202
203 204 205 206 207 208 209 210 211 212 213 195 214 215 216 217 218 219 220 221
222 223 224 225 226 227 228 229 230 211 231 214 232 233 234 235 236 237 238 239
240 240 241 242 243 244 228 245 246 247 248 249 250 251 252 235 253 254 255 256
257 258 259 260 261 262 263 264 245 265 265 265 265 266 267 253 268 269 270 271
272 273 259 259 274 275 276 277 278 279 280 280 281 282 283 284 285 286 271 287
288 289 290 291 292 274 293 294 295 296 296 297 298 299 300 301 301 302 303 304
305 306 307 308 309 310 311 312 313 314 314 315 316 317 318 319 301 302 320 321
322 323 308 324 324 325 326 327 328 329 330 331 332 333 334 319 335 320 336 337
%
 1   2   3   4   5
 6   7   8   9  10
11  12  13  14  15
16  17  18  19  20
21  22  23  24  25
26  27  28  29  30
31  32  33  34  35
36  37  38  39  34
40  41  39  42  43
44  45  39  46  47
48  49  50  51  52
53  54  55  56  57
58  55  59  60  61
62  63  64  64  65
66  67  68  69  70
71  67  72  73  74
75  76  77  78  79
80  81  81  82  83
84  85  86  87  88
%
 1   2   3   4   5   6   7   8   9  10  11  12  13  14  15  16  17  18
19  20  21  21  22  23  24  25  26  10  27  28  29  30  31  32  33  34
35  36  36  37  38  39  40  25  41  42  43  27  44  45  46  47  32  48
49  50  51  52  53  54  55  56  57  58  59  60  61  62  63  64  65  66
67  68  69  70  71  53  72  73  74  75  76  77  62  78  79  80  81  82
83  84  85  71  86  87  88  89  90  91  92  93  94  95  96  97  98  99
100 101 102 103 104 105 106 107 108 109 110 111 112 113 114 115 116 117
118 119 120 121 122 123 106 124 125 126 127 128 129 130 114 131 132 133
134 135 136 137 138 139 140 141 141 142 143 144 145 146 147 148 149 150
151 152 153 154 155 156 141 157 158 141 159 160 161 162 163 164 165 166
167 153 168 169 170 171 141 172 173 174 175 175 176 177 178 163 179 180
181 182 183 184 185 141 186 187 188 175 189 190 191 192 193 194 180 195
196 197 198 185 199 200 201 202 203 204 205 189 206 207 208 209 210 211
212 213 214 215 215 216 217 218 219 220 221 222 223 224 225 226 227 228
229 230 231 232 233 234 235 235 236 237 238 239 240 241 242 243 244 245
246 247 248 249 250 251 252 253 254 254 238 255 256 257 258 259 260 261
262 263 264 265 266 267 253 268 269 270 271 272 273 274 275 274 261 276
277 278 279 280 281 282 283 284 285 286 287 288 289 290 274 291 292 293
294 295 296 297 298 299 300 301 302 303 304 305 306 307 308 292 309 310
%
1
2
3
4
5
6
7
%
 1   2   3   4   5   6   7
 8   9  10  10  11  12  13
 8  14  15  16  17  11  18
19  20  21  22  23  24  25
26  27  28  29  30  31  32
26  33  27  34  35  36  37
%
 1   2   3   4   5   6   7   8   9  10  11  12  13  14  15
16  17  18  19  20  21  22  23  24  25  26  27  28  29  15
%
 1   2   3   4   5   6   7   8   9  10  11  12  13  14  15  16  17  18
19  20  21  22  23  24  25   9  26  27  28  29  30  31  32  33  18  34
35  36  37  38  39  40  41  42  42  43  44  45  46  47  48  49  50  51
52  53  54  54  55  56  57  58  59  60  61  62  63  64  65  66  67  68
69  70  71  72  73  74  75  76  76  77  78  79  80  81  82  83  84  85
86  87  88  89  73  90  91  92  93  94  95  96  97  98  99 100 101 102
103 104 104 105 106 107 108 109 110 111 112 113 114  99 115 116 117 118
119 120 121 122 123 124 125 126 127 128 129 130 131 132 133 134 135 136
137 138 139 140 141 123 142 143 128 144 145 146 147 148 149 150 151 152
153 154 155 156 157 123 158 159 160 161 162 163 164 148 165 166 167 168
169 169 170 171 172 173 174 160 175 176 177 178 164 179 180 181 182 183
184 185 186 187 173 188 160 189 189 190 176 191 192 193 194 195 196 197
198 185 199 200 201 202 203 204 205 206 207 208 208 209 210 211 212 213
214 215 216 217 218 219 220 221 222 223 224 225 226 227 228 229 230 231
215 232 233 216 234 235 236 237 238 239 240 241 242 243 244 245 246 247
%
 1   2   3   4   5   6   7   8   9  10  11  12
13  14  15   5  16  17  18  19  20  21  22  23
24  25  14  26  27  28  29  30  31  32  33  33
34  35  36  37  38  39  40  41  42  43  44  45
46  47  36  48  38  49  50  51  51  52  53  54
55  56  56  57  58  49  59  60  61  62  63  64
65  66  67  68  69  70  71  72  73  74  75  76
77  78  79  68  80  81  82  83  84  85  86  87
88  89  90  91  92  93  94  95  96  97  98  99
100 101 102 103 104 105 106 107 108 109 110 111
112 113 114 102 115 116 117 118 119 120 121 122
123 124 125 126 127 128 129 130 131 132 133 134
135 136 137 138 139 139 139 140 141 142 142 143
144 145 146 147 148 149 150 151 152 152 153 154
155 156 157 158 148 159 160 161 162 163 164 165
166 167 168 169 170 171 172 173 174 175 176 177
178 179 180 181 182 183 184 173 185 186 187 188
189 190 191 192 193 184 194 185 195 196 197 198
199 200 201 202 203 204 205 206 185 207 208 209
%
 1   2   3   4   5   6   7   8   9  10  11  12  13  14  15  16  17
18  19  20  21  22  23  24  25  26  27  10  28  29  30  31  32  33
%
 1   2
 3   4
 5   6
 7   8
 9  10
11  12
13  14
14  15
16  15
17  18
17  19
20  21
22  20
%
1  1  2  3  4  5  6  7  8  9  10  11  12  13  14  14  15  16  17
%
 1   2   3   3   4   5   6   7   7   8   9  10  11  12  13
 2  14  15   4   4   4  16   6  17  18  19  20  20  21  13
22   4   4  23  24   4   6   6  25  26  20  27  28  21  29
22  30   4  23  31  24  32  25  33  26  34  20  28  20  35
22  30   4  31  23  36  37  38  33  39  26  40  20  40  40
41   4  42  42  43  44  45  45  33  33  26  20  40  40  46
 4   4  47  42  44  48  48  45  49  33  50  26  20  51  52
 4  53  42  54  44  55  56  48  55  33  57  57  26  58  51
 4  59  53  60  44  61  55  55  55  62  62  62  26  63  51
 4  53  64  64  60  55  62  62  62  65  65  66  66  63  63
53  67  68  64  64  62  62  62  69  62  65  66  63  70  63
67  71  68  64  72  73  62  74  69  65  75  75  75  75  76
77  78  79  80  77  80  80  62  69  75  65  81  82  82  81
77  83  84  77  80  85  85  86  86  87  65  81  88  81  89
90  77  77  91  80  80  80  92  93  87  65  81  81  94  81
90  91  91  80  91  95  80  93  92  92  96  96  96  97  96
90  91  98  99  99  80 100  80  93 101 101 102  96  96  96
103  91 104 105 106 107 108  80 109 101 110 102 111 112 113
%
 1   2   3   4   5   6
 7   8   9  10  10  11
12  13  14  15  16  17
18  19  20  21  22  23
24  25  26  27  28  29
30  31  26  28  32  29
33  34  31  35  32  36
37  38  39  40  32  41
42  43  44  32  45  46
%
 1   2   3   4   5   6   7   8   9  10  11  12  13  14  15  15  15  16
17  18  19  20  21  22  23  24  25  26  27  28  29  30  31  32  33  34
35  36  37  38  39  40  41  42  43  44  45  29  29  46  47  31  48  49
%
 1   2   3   3   4   5   6   7   8   9  10  11  12  13  14  15  16
17  18   2  19  20  21  22  23  24  25  11  26  27  28  29  30  31
32  17  33  34  35  36  21  23  24  37  11  38  38  38  29  39  40
41  42  34  43  44  36  36  45  46  47  48  11  38  49  50  29  51
34  34  52  34  53  53  54  55  56  48  48  11  57  58  58  29  59
60  61  34  62  63  54  64  54  54  65  66  67  11  68  58  69  70
71  61  61  61  72  73  64  74  75  65  76  67  11  77  78  69  79
80  81  61  82  73  72  83  64  84  75  67  85  86  87  87  88  89
%
 1   2   3   4   5   6   7   8   9  10  11  12  13  14  15  16  17  18
19  20   3  21   6   7  22  23  24  25  26  27  28  29  30  31  32  33
34  35  36  37  38  39  39  40  41  26  42  43  44  45  46  47  48  49
50  51  52  52  53  54  55  56  57  58  59  60  61  62  63  64  65  66
%
 1   2   3   4   5   6
 7   8   9  10  11  12
13  14  15  16  11  17
18  19  20  21  22  23
24  25  26  27  28  29
30  31  32  33  34  34
35  36  37  38  39  40
41  42  43  44  45  46
47  48  49  50  51  52
53  54  55  49  56  57
58  59  60  56  61  62
63  64  65  66  67  68
%
 1   2   3   4   5   6   7   8   9  10  11  12  13
14  15  16  17  18  19  20  21  22  23  24  25  26
27  28  29  30  31  32  33  21  34  35  36  37  38
39  29  40  41  42  43  21  44  44  45  46  47  48
49  50  51  52  53  54  55  56  57  46  58  48  59
60  61  62  63  64  65  66  67  68  69  46  70  71
60  72  73  74  75  76  77  78  79  80  46  81  82
83  84  85  86  87  88  89  90  91  92  93  94  95
96  97  98  99 100 101 102 103 104 105  92 106 107
108 109 110 111 112 113 114 115 116 117 118 119 120
121 122 123 124 125 126 127 128 129 117 130 131 132
133 134 135 123 136 137 138 139 139 140 141 142 143
144 145 146 136 123 147 148 149 150 151 152 153 153
154 155 136 156 157 157 158 159 160 161 162 163 164
165 166 167 168 169 170 171 172 173 174 175 174 176
177 178 179 180 181 182 183 184 185 186 174 187 188
189 190 191 192 193 194 182 195 196 197 198 199 200
201 191 202 203 204 205 206 207 208 209 210 211 200
212 213 214 215 216 217 218 208 219 220 221 222 223
224 225 226 227 228 229 230 231 232 233 234 235 236
%
 1   2   3   3   4   5   6  7   8   9  10  11  12
13  14  15  16  17  17  18  7  19  20  21  22  23
%
 1
 2
 3
 4
 5
 6
 7
 8
 9
10
11
12
13
14
15
16
%
 1   2   3   4   5   5   6   7   7   8   9  10  11  12  13  13  14
15   1  16  17  18  19   6   6  20   8  21  10  11  22  22  13  23
24   1  17  17  25  26  19  27  27  21  28  21  22  29  30  31  32
33  34  33  26  26  25  35  19  19  36  37  28  29  38  30  39  40
41  33  42  43  43  44  45  46  47  48  37  49  49  49  30  50  40
51  52  43  53  54  44  55  45  56  57  37  58  59  30  60  50  61
62  63  63  43  53  44  64  64  65  66  58  67  68  59  61  61  69
62  70  71  63  44  44  72  73  73  74  75  67  76  68  68  77  78
%
 1   2   3   3   4   5   6   7   7   8   9  10
 1  11  11  12  12  13   7   7   7  14   8  15
11  16  17  18  19  20  13  21  22  23  24  25
26  27  28  29  29  30  31  32  33  34  35  36
27  37  38  28  39  40  41  42  43  44  45  46
47  37  28  48  28  49  50  45  45  45  45  51
37  37  52  53  54  55  55  56  57  58  58  59
60  37  53  61  53  54  62  63  64  65  66  67
%
 1   2   3   4
 1   5   6   7
 8   8   9   9
10  11  12  13
14  15  15  16
14  17  18  19
20  21  22  23
20  24  25  26
24  20  27  28
29  30  31  32
29  33  34  35
36  37  38  39
40  37  41  42
43  43  44  42
45  46  47  47
48  49  50  50
%
 1   2   3   4   5   6   7   8
 9  10   4  11  12   6  13  14
15  16  17  18  11  19  20  21
22  23  24  25  26  27  28  29
30  31  32  33  34  35  36  37
38  39  40  41  35  42  43  44
45  46  47  48  49  50  51  52
53  54  55  56  57  58  59  60
61  62  63  64  65  66  67  68
61  69  70  71  72  73  74  75
76  69  77  72  78  79  80  81
%
 1   2   3   4   5   6   7   8   8   9  10  11  11  12  13  13
14  15   4   4  16  17  18   8  19  20  21  22  23  24  25  26
27  28  29  29  30  31  32  33  34  35  36  23  37  38  39  40
28  41  42  43  44  45  46  47  48  49  50  51  52  53  54  55
56  57  58  43  43  59  60  61  62  63  64  50  65  66  67  68
69  70  71  72  73  74  75  76  77  78  79  80  65  81  82  83
69  84  85  86  87  88  89  77  90  91  92  93  81  94  95  96
97  98  99 100 101 102 103 104 105 106 107 108 109 110 111 112
113 114 115 116 117 118 119 120 121 122 123 109 124 111 125 126
113 113 113 127 128 128 129 130 131 121 123 132 124 133 134 135
136 137 138 128 139 140 130 141 141 142 143 144 133 145 146 147
137 148 149 150 151 152 140 153 154 155 156 157 158 159 160 161
162 163 164 165 166 167 168 168 169 170 171 172 158 158 173 174
175 176 165 177 178 166 179 180 181 182 183 184 185 186 158 187
175 188 189 190 191 179 180 192 181 181 193 194 195 196 197 198
199 200 201 202 190 203 204 205 181 206 207 195 208 209 210 197
211 212 213 214 215 190 216 217 218 181 207 219 220 221 222 223
224 225 226 227 228 229 230 231 232 232 233 234 235 236 237 238
239 240 241 242 243 244 245 246 247 232 248 249 234 250 251 252
%
 1   2   3   4   5   6   7   8   9
10  11  12  13  14  15  16  17  18
19  20  21  22  23  24  25  26  27
28  29  30  31  32  33  34  35  36
37  38  39  40  41  42  43  44  45
46  47  48  40  49  41  41  50  51
52  46  53  54  55  56  57  58  59
60  61  62  63  64  65  65  66  58
67  68  69  70  71  72  73  74  75
%
 1   2   3   4   5   6   7   8   9  10  11  12  13  14
15  16  17  18  19  20  21  22  23   9  24  25  26  27
28  29  30  31  32  19  21  33  34  35  36  37  38  39
29  40  41  42  43  44  45  46  47  48  49  49  50  38
51  52  53  54  55  56  57  58  59  60  61  61  62  63
64  65  66  66  67  68  69  70  71  72  73  74  75  76
77  78  79  80  81  82  83  84  85  86  87  88  89  75
90  91  92  93  94  95  96  97  98  99 100 101 102 103
104 105 106 107 108 109 110 111 112 113 114 115 116 117
118 119 120 121 122 123 124 125 126 127 128 129 130 131
132 132 133 134 135 136 137 138 139 140 141 142 143 144
145 146 147 148 149 150 151 152 153 154 155 156 157 158
159 160 161 161 148 162 163 164 165 166 167 168 169 170
171 172 173 174 175 176 177 178 179 180 181 182 183 184
%
 1   2   3   4   5   6   7   8   9  10  11  12  13  14  15
16  16  17  18  19  20  21  22  23  24  25  26  27  28  29
30  31  32  33  34  21  35  36  37  38  39  40  41  42  29
43  44  45  46  47  48  49  50  51  52  53  54  55  56  57
58  59  60  60  61  62  63  49  64  65  66  67  68  69  70
71  60  72  73  74  75  76  77  78  79  79  80  81  68  82
83  84  73  74  85  86  87  88  89  90  91  92  93  94  95
96  97  98  99 100 101 102 103 104 105 106 107 108 109 110
111 112 113 114 115 116 101 117 118 119 120 121 122 123 124
125 126 127 128 129 130 131 132 133 120 134 135 123 136 137
138 139 140 141 130 142 142 143 144 145 146 147 148 149 136
150 151 152 153 154 155 156 157 145 158 159 160 161 136 136
162 162 163 164 165 166 167 168 169 170 171 161 172 173 174
175 176 177 178 179 180 166 181 182 183 184 185 186 187 188
189 190 191 192 193 194 195 196 197 198 185 199 199 200 201
190 202 192 203 204 205 206 207 208 209 199 210 211 212 213
214 215 216 192 217 218 219 220 221 222 223 223 224 225 226
227 215 228 229 230 231 232 233 234 235 236 237 238 239 240
241 242 243 244 245 246 247 248 249 250 251 252 253 254 255
256 257 258 259 260 261 262 263 264 265 266 267 268 269 270
%
 1   2   3   4   5   6   7   8   9  10  11  12  13
14  15  16  17  18  19  20  21  22  23  24  25  12
26  27  28  29  30  31  32  33  34  35  36  37  38
39  40  41  42  43  44  45  33  45  46  47  48  37
49  50  50  51  52  53  54  45  55  56  48  57  48
58  59  60  61  62  63  63  64  65  66  67  48  68
69  58  59  70  71  72  63  64  73  74  75  76  77
78  79  80  81  81  82  83  84  85  85  86  87  88
89  90  91  92  93  94  95  96  97  98  99 100 101
102 103 104 105 106 107 108 109 110 111 112 113 114
%
 1   2   3   4   5   6   7   8   9  10  11  12  13  14  15
16  17  18  19  20  21  22  23  24  25  26  27  28  29  30
31  32  33  34  35  36  37  24  38  39  40  41  42  43  44
45  46  47  48  49  50  51  52  53  54  55  56  57  58  59
45  60  48  61  62  63  64  65  66  67  54  68  69  70  71
72  73  74  75  76  77  78  79  80  81  82  83  84  85  86
87  88  89  90  91  92  93  79  94  95  96  97  98  99 100
101 102 103 103  92 104 105 106 107 108 109 110 110 111 112
113 114 115 116 104 117 104 107 118 119 120 121 122 123 124
125 126 127 128 129 130 131 132 133 134 135 136 137 138 139
125 140 141 142 143 144 131 145 146 147 148 149 150 151 152
153 154 155 156 157 158 159 160 161 162 163 164 151 165 166
167 168 169 170 171 172 172 173 174 175 176 177 178 179 180
%
 1   2   3   4   5   6   7   7   8   9  10  11  12  13  14  15
 1  16  17  18  18   5   6  19  20  21  10  22  22  13  23  24
25  26  27  28  29  29  30  20  31  32  33  10  34  35  36  37
38  39  40  41  29  42  43  20  44  45  32  46  47  48  49  50
51  52  53  54  55  56  43  57  58  59  32  60  61  62  63  64
65  66  67  68  69  55  57  58  57  70  71  72  73  74  64  75
76  77  78  79  80  81  82  83  84  85  86  87  88  89  90  91
92  76  93  94  95  81  81  96  85  97  85  98  99 100 101 102
103 104 105 106 107 108 109 110 111 112 113 114 115 116 117 118
119 120 121 122 123 124 125 126 127 128 129 130 131 116 117 132
119 133 134 134 123 135 136 137 127 138 130 139 140 141 142 143
144 145 146 134 147 148 149 150 151 152 139 153 154 142 155 156
157 158 159 160 161 162 163 164 165 166 167 168 154 169 170 171
172 173 174 161 175 163 176 177 178 179 180 181 182 170 183 184
185 186 187 188 189 190 191 177 192 179 193 194 195 195 184 196
197 198 199 200 201 202 203 203 204 205 206 207 195 208 209 209
210 211 212 213 214 215 216 217 218 219 220 220 220 195 221 222
223 224 211 225 226 214 217 218 218 218 227 228 195 229 230 231
%
 1   2   3   4   5   6   7   8   9  10  11  12  13
14  15  16   3  17  18  19  20  21  22  23  24  25
26  27  28  29  30  17  31  32  33  34  35  36  37
38  39  40  41  31  31  42  43  44  45  46  47  48
49  50  51  52  53  54  55  56  57  58  59  60  61
62  63  64  65  66  67  67  68  69  70  71  60  72
73  74  75  76  77  78  79  79  80  69  81  82  83
%
 1   2   3   3   4   5   6   7   8   9  10  11  12  13  14  15
16  17  18   4  19  20  21  22  23  24  25  26  27  28  14  29
30  31  32  33  34  35  36  37  38  39  40  41  42  43  44  45
46  47  48  49  50  51  52  53  54  38  55  56  57  58  43  59
60  61  62  63  64  65  66  67  68  69  70  71  72  73  74  75
76  77  78  79  80  81  82  83  69  84  85  86  87  88  89  74
90  90  91  92  93  94  95  96  97  98  99  85 100 101 102 103
104 105 106 107 108  93 109  96 110 110 111 112 101 113 114 115
116 104 117 118 119 120 121 122 123 124 125 126 127 128 129 130
131 132 133 134 135 136 137 138 139 140 141 142 143 144 145 146
147 148 149 150 151 152 136 136 153 154 155 156 156 157 158 159
%
 1   2   3   4   5   6   7   8   9  10  10  11  12  13  14  15  16
17  18  19  20  21  22  23  24  25  26  27  28  29  30  31  32  33
34  35  36  37  38  39  23  40  41  42  26  43  44  45  46  47  48
49  50  51  52  53  39  39  54  55  56  42  43  57  58  59  60  60
61  62  63  64  65  66  67  68  69  70  71  43  72  73  74  75  76
77  78  79  80  81  82  83  84  85  85  86  87  88  89  90  74  91
92  93  94  95  80  96  97  98  99 100 101 102 103 104 105 106 107
%
 1   2   3   4   5   6   7   8   9  10  11  12  13  14  14  15
16  17  18  19  20  21  21   9  10  10  22  23  24  13  25  26
27  28  29  30  31  21  32  33  34  35  36  37  38  39  40  41
42  43  30  30  44  45  46  47  48  49  50  51  39  52  53  41
43  54  55  56  45  57  46  58  59  60  61  62  63  64  65  66
67  68  69  70  71  72  73  74  75  76  77  78  79  80  80  81
82  83  84  85  86  87  88  89  90  91  92  77  93  80  94  95
%
 1   2   3   4   5   6   7   8
 9  10  11  12  13  14  15  16
17  18  18  19  20  21  22  23
24  25  26  27  28  22  29  30
31  32  33  26  34  35  36  37
38  38  39  40  41  42  43  44
45  46  47  48  49  50  51  52
53  53  54  55  56  57  58  59
60  61  62  63  64  65  66  67
68  69  70  71  72  73  74  75
76  77  78  70  79  80  81  82
83  84  77  85  86  87  88  89
90  91  92  93  94  95  96  97
98  99 100 101  95 102 103 104
105 106 107 108 109  95 110 103
%
 1   2   2   3   4   5
 6   7   8   5   5   9
10  11   5  12  13  14
15   5  16  17  18  19
20  21   5  22  23  24
25  26  27  23  28  28
%
 1   2
 3   4
 5   3
 6   7
 8   9
10  11
12  13
14  15
16  17
18  19
20  19
21  19
22  23
24  25
26  26
27  27
28  29
%
 1   2   3   4   4   5   6   7
 8   9  10  10  11  12  13  14
 8   9  15  16  17  13  18  19
20  21  22  22  23  24  19  25
20  26  21  27  28  29  30  31
32  33  27  34  27  28  35  36
37  38  39  40  41  42  36  43
%
 1   2   3
 4   5   6
 7   8   9
10   7  11
12  13  14
15  16  17
18  19  20
21  22  23
24  25  26
27  28  29
30  31  32
33  34  35
36  37  38
39  39  37
40  37  41
%
 1   2   3   4   4   5   6   6   7   8   8   9   9  10  11  12  13  13  14  15
16   2  17  18  19  20   6   7   6  21  22  23  23  24  25  26  12  27  27  28
29  30  31  31  32  33  34   7  35  35  22  36  23  24  37  38  12  12  39  40
30  41  42  31  43  33   7  34  34  22  44  22  36  45  46  46  38  47  48  49
50  51  42  43  31  31  34  22  22  52  22  36  45  53  53  54  54  48  55  55
56  50  51  57  57  31  58  59  22  22  60  60  53  61  54  62  63  48  64  65
66  50  50  67  68  68  69  22  59  70  71  71  53  54  72  63  63  63  48  73
74  75  76  67  68  67  77  78  22  71  71  63  63  63  63  72  79  80  80  48
81  76  76  68  67  82  83  84  71  85  86  87  88  89  90  63  79  91  92  92
93  94  76  95  82  96  97  71  98  85  86  99 100 101  90  90 102  91 103  92
104 105  94 106  95 107 107 108 109  86  99  99 110  90 111 112 102  91 113 114
115 104 116 104 107 117 118 117 117 117  99  99 110 112 112 119 120 121 122 123
115 124 104 125 125 107 117 126 117  99 127 128 110 129 129 130 131 132 123 133
124 134 104 135 117 117 117 126  99 117 128 136 110 129 130 130 130 130 137 138
139 134 104 140 117 141 142 142 128 143 128 128 144 144 145 144 144 130 146 147
134 148 149 140 141 141 150 143 143 128 151 151 144 152 144 153 144 130 147 154
155 148 156 156 157 158 143 143 159 159 160 161 151 153 153 153 130 162 147 154
163 148 164 156 156 165 143 159 166 159 167 168 153 169 153 170 170 147 171 154
%
1  1  1
1  1  1
1  1  1
1  1  1
1  1  1
1  1  1
1  1  1
1  1  1
1  1  1
1  1  1
1  1  1
1  1  1
1  1  1
%
 1   2   2   3   4   5   6   7
 8   9   6  10  11   6  12  13
14   9   6   6   6  15  16  17
18   6  19  20  21  22  22  23
24  24  25  26  27  28  29  30
31  32  33  34  35  36  30  37
38  39  34  40  41  42  37  43
44  34  34  40  45  46  37  47
34  48  49  50  50  51  46  52
53  54  55  56  57  58  46  59
60  61  61  57  62  63  59  64
65  66  67  68  69  69  70  71
66  72  73  74  68  75  69  76
77  78  79  80  81  75  82  83
84  85  86  86  87  75  88  83
89  86  90  91  92  93  75  94
95  96  97  92  98  93  99 100
101 102 103  98 104 105 106 107
108 109 110 111 112 113 114 115
%
 1   2   3   4   5   6   7   8   9  10  11  12
13  14  15  16  17  18  19  20  21  22  11  23
24  25  26  27  28  29  30  31  32  33  34  35
36  37  27  38  39  40  29  41  42  43  44  45
46  47  38  39  48  49  50  51  52  53  54  55
56  57  58  59  60  61  62  63  64  65  66  67
68  69  70  71  72  73  74  75  76  77  78  66
79  69  80  70  81  82  83  84  77  85  86  87
88  89  90  91  92  81  93  94  95  96  97  98
99 100 101 102 103 103 104  95 105 106 107 108
109 110 111 112 103 113 114 114 115 116 117 118
119 120 121 122 123 124 125 126 127 128 129 130
%
 1   2   3   4   5   6   7   8   9  10  11  12  13  14  15  16
17  18  19  20  21  22  23  24  25  26  27  28  29  30  30  31
%
 1   2   3   4   5   6   7   8
 9  10   4  11  11   6  12  13
 9  14  15  15  16  12  17  13
18  18  19  20  15  21  17  22
23  24  25  26  21  27  28  29
30  24  31  32  27  33  29  34
35  36  24  37  38  39  29  40
41  42  43  44  45  46  47  48
42  41  44  45  46  49  47  50
51  42  44  52  53  54  49  55
51  51  52  56  54  49  54  57
58  59  60  60  60  54  61  54
62  63  64  65  65  61  54  66
63  67  65  68  69  70  71  71
67  72  73  73  74  69  75  76
77  77  78  79  75  75  75  80
%
 1   2   3   4   5   6   7   8   9  10  11  12  13  14
15  16  17  18  19  20  21  22  23  24  25  26  27  28
%
 1   2   3   4   5   6   7   8   9  10  11  12  13  14  15  16  17
18  19   5   5  20   5  21   5   8  11  22  23  24  25  16  26  27
28  29  30  20  31  32   5  33  34  35  36  37  24  38  39  26  40
41  42  43  31  44  45  33  46  47  35  48  48  49  39  50  50  51
52  42  53  54  31  55  33  47  56  57  58  59  48  48  60  60  61
62  63  42  53  64  65  55  47  66  67  68  68  69  70  71  72  60
73  74  63  75  76  77  76  78  79  80  81  82  83  69  84  85  72
86  87  63  88  89  76  90  91  91  81  92  93  82  84  69  94  85
95  87  87  96  97  98  99  91 100 101  92 102 103 104  84 105 106
107 108 109 110 110 111 112 113 114 114 115  92 116 104 117 118 119
%
 1   2   3   4   5   6   7   8   9  10  11  12  13  14  15  16
17  18   2  19  20  20  21  22  23  10  24  25  26  14  27  28
29  30  31  32  33  34  21  35  36  37  38  39  40  41  42  43
44  45  46  47  48  49  50  51  52  53  54  55  56  57  58  58
59  60  61  62  63  64  65  66  67  68  69  70  71  72  73  74
75  76  77  78  79  63  80  81  82  83  84  85  86  87  88  74
89  90  91  92  93  79  94  95  96  97  98  99 100 101 102 103
104 105 106 107 108 109 110 111 112 113 114 115 116 117 118 119
120 121 122 123 109 124 125 126 127 128 129 130 131 132 133 134
135 136 137 137 109 138 139 140 140 141 142 143 144 145 146 147
148 149 150 151 152 153 154 155 156 157 158 159 160 161 147 162
163 164 165 166 167 168 169 170 171 172 173 174 175 176 177 178
179 180 181 182 183 184 185 186 187 188 189 189 190 191 192 193
194 195 196 197 198 199 200 201 202 203 204 205 191 206 207 193
%
 1   1
 2   3
 4   5
 6   7
 6   8
 9  10
11  12
%
 1   2   3   4   5   6   7   8   9  10  11
12  13  14  15  16  17  18  19  20  21  21
22  23  24  25  26  27  28  29  30  31  32
33  34  35  36  37  38  27  39  40  41  42
43  44  45  46  47  48  49  50  51  52  53
54  55  56  57  58  58  59  60  61  62  63
64  65  65  66  67  68  69  70  71  72  73
74  75  76  77  68  78  79  80  81  82  83
%
 1   2   2   3   4   5   6   7   8   9  10  11  12  13  14  15  16  17
 3   2   3   4  18  18  19   8  20   8   8  13  13  21  21  16  17  22
23   3   3  18  24  18  19  25  26  26  27  28  29  21  30  30  30  30
23  31  32  32  33  33  19  26  26  27  28  28  21  30  30  34  30  35
36  37  32  33  33  38  39  40  27  40  40  41  28  42  30  30  43  44
45  46  33  47  48  49  50  27  40  27  51  52  42  30  53  30  44  44
54  45  45  48  55  56  57  40  58  59  60  61  52  53  53  30  30  62
%
 1
 2
 3
 4
 5
 6
 7
 8
 9
10
11
12
13
%
